camera_matrix:
- - 531.455344849607
  - 0.0
  - 631.3161646396767
- - 0.0
  - 534.13894868727
  - 523.9049825858057
- - 0.0
  - 0.0
  - 1.0
dist_coeff:
- - 32.649264269907235
  - -8.400216383744915
  - -0.0020746051189449604
  - 0.0008606437054113816
  - -8.274296175824077
  - 32.32712695285472
  - 2.2337009312470575
  - -14.479980881911228
  - 0.0
  - 0.0
  - 0.0
  - 0.0
  - 0.0
  - 0.0
